1000
3 37 8
35 5 2
17 45 0
1 33 5
1 54 8
9 25 8
15 53 8
1 55 9
33 28 5
8 17 10
50 54 2
28 60 3
44 98 10
1 94 4
23 87 10
46 31 3
2 90 5
48 82 0
13 71 3
21 8 4
35 87 1
40 88 6
18 33 2
18 0 9
47 14 3
46 42 9
19 93 6
2 51 5
33 23 10
17 42 5
10 19 7
42 58 3
43 63 4
33 47 10
35 42 3
27 34 3
43 17 7
23 42 10
17 31 10
10 11 1
9 67 2
14 51 4
27 23 7
16 46 2
6 12 1
22 44 3
7 69 10
14 11 5
15 53 8
21 29 0
4 84 6
23 34 6
17 68 4
3 18 2
50 18 10
27 48 6
30 84 10
29 17 6
24 99 9
50 16 3
19 13 9
20 75 6
43 23 9
28 89 1
10 51 8
48 85 6
16 23 2
9 85 5
24 43 3
28 96 3
5 52 5
14 14 0
20 99 3
49 27 10
40 80 8
1 1 9
4 2 6
4 52 4
43 26 10
6 80 8
17 40 8
4 57 4
14 65 3
41 98 5
34 40 5
20 76 9
48 20 1
23 22 5
50 67 10
25 85 4
24 91 3
14 33 0
16 19 4
47 37 0
32 8 10
34 17 10
23 48 4
40 55 5
18 58 7
7 66 3
36 39 3
31 30 1
33 19 7
12 4 3
40 11 8
6 22 6
12 36 7
37 90 4
33 34 1
19 28 3
0 52 10
20 45 6
4 62 6
19 70 0
3 31 4
16 19 0
2 9 8
34 54 3
34 9 5
25 74 10
33 67 8
5 44 6
31 39 2
26 3 8
10 7 4
16 92 7
2 42 5
15 3 2
20 66 1
7 53 0
36 64 10
15 70 0
50 34 2
23 42 3
22 64 2
9 45 7
41 73 1
29 49 2
9 30 4
39 84 6
12 2 9
4 40 3
10 74 3
7 31 6
15 83 4
10 93 7
35 47 2
14 20 5
34 1 9
26 66 6
14 52 8
31 62 7
31 3 2
45 17 4
21 71 0
20 39 3
8 12 8
37 32 9
46 36 8
5 22 3
21 10 7
30 30 5
22 87 8
45 11 6
48 47 2
1 57 4
40 87 10
2 75 7
19 69 9
49 67 6
4 86 6
49 59 1
34 95 1
22 100 3
45 36 2
42 22 5
22 83 3
21 64 2
27 87 3
49 84 5
10 90 5
27 54 7
3 72 6
47 81 8
49 96 2
5 89 7
11 31 8
24 34 7
31 64 6
26 89 0
40 30 2
44 65 3
16 89 10
29 22 10
2 9 5
33 96 9
21 4 4
6 89 0
16 23 2
43 77 8
36 83 2
24 59 10
5 64 1
13 59 6
44 77 6
17 19 1
24 77 9
10 63 6
23 43 4
36 36 10
24 92 2
20 100 6
2 79 7
23 68 9
2 14 0
16 45 0
16 50 7
15 26 3
10 73 7
32 19 5
31 89 6
47 9 0
22 45 10
22 18 4
26 50 9
10 17 10
32 15 5
38 46 6
33 99 5
8 29 0
7 49 1
40 38 0
29 23 4
5 100 7
7 60 2
2 47 6
33 48 8
22 37 7
30 11 5
3 46 6
28 78 1
2 98 8
47 4 1
37 44 7
20 49 0
50 35 2
14 46 2
5 99 5
12 52 3
45 78 2
34 28 6
37 94 10
24 47 10
43 35 9
39 40 0
39 13 9
2 38 7
35 29 6
25 32 1
2 78 6
27 29 10
31 34 2
26 64 2
41 75 2
7 66 7
6 98 1
14 83 10
40 1 9
28 58 1
8 29 2
34 60 8
6 96 6
4 33 4
24 78 5
1 38 1
32 30 4
14 89 3
13 25 8
6 72 1
5 79 9
30 91 10
39 68 5
42 38 8
38 14 4
18 65 1
48 63 1
38 20 9
17 43 1
45 60 1
44 70 10
43 49 10
43 95 2
49 4 8
11 78 8
46 86 2
34 63 9
31 73 4
26 63 10
7 1 10
2 80 7
19 26 1
41 68 6
23 67 8
45 21 10
28 44 6
0 3 7
18 65 8
45 81 8
42 10 6
15 57 2
47 67 4
39 95 0
31 43 3
39 83 10
26 62 6
34 10 10
10 59 9
44 93 3
24 55 3
47 72 6
29 80 1
12 27 5
15 42 9
36 62 10
9 63 3
6 31 3
36 96 7
28 63 5
35 28 5
37 25 10
12 67 1
30 12 1
31 98 5
37 53 0
41 1 4
22 53 3
5 9 4
34 37 4
0 48 6
47 86 10
12 75 3
19 80 9
4 63 7
23 33 0
13 74 4
0 45 5
17 24 0
24 36 8
14 73 0
11 89 8
36 88 10
42 18 5
15 39 4
21 93 7
21 73 1
23 76 8
32 99 0
9 2 4
8 52 1
12 73 7
8 92 8
6 39 6
39 29 9
9 25 2
3 45 5
38 58 9
7 16 6
18 61 8
27 97 9
9 69 2
36 65 7
18 59 7
1 96 8
13 5 6
2 21 3
30 83 9
47 34 7
43 32 8
18 79 6
11 80 1
33 22 10
43 62 2
33 14 9
44 86 6
45 68 7
7 67 0
4 57 4
16 2 8
2 7 3
47 88 3
36 17 9
0 88 4
24 36 10
43 26 4
17 16 0
50 50 1
0 53 9
2 7 3
23 73 3
39 13 5
32 63 2
38 87 7
0 9 7
19 26 10
33 10 8
19 15 2
4 23 5
13 35 6
36 17 6
15 13 10
38 3 4
11 9 0
27 94 0
43 2 10
1 54 4
22 84 8
37 58 0
25 99 6
2 8 0
22 61 7
3 9 6
8 39 9
10 69 4
34 35 3
46 64 6
38 4 3
8 40 4
8 56 9
39 27 8
24 92 4
25 62 1
25 68 2
35 29 3
29 87 9
2 33 6
12 12 4
26 5 4
50 1 9
19 35 2
46 24 0
43 14 1
49 74 8
24 80 1
21 24 9
31 44 9
29 25 7
13 52 7
45 81 9
23 9 9
25 80 2
48 53 8
18 36 0
19 3 7
37 89 3
2 94 8
13 82 8
3 25 5
8 62 0
33 15 4
42 79 3
34 42 0
32 34 3
13 89 6
9 69 1
25 60 4
38 61 0
7 16 1
35 99 4
45 42 3
30 13 10
37 4 4
32 29 8
14 26 8
30 8 3
2 0 1
34 12 1
5 69 6
3 55 5
24 17 4
39 98 1
47 44 0
46 40 4
28 90 5
37 96 8
35 11 6
49 64 5
15 2 4
39 50 6
1 36 9
36 42 9
7 46 6
1 22 2
23 38 7
36 15 6
23 88 1
9 50 5
7 61 6
23 71 3
42 78 1
5 23 1
21 88 9
49 40 0
47 11 0
26 92 8
18 91 5
24 75 0
28 55 3
10 100 0
49 97 3
16 97 9
1 62 3
0 38 9
33 30 6
25 28 1
40 60 8
11 70 4
12 88 1
7 50 8
36 39 0
49 25 3
4 49 9
10 91 5
43 72 1
26 31 2
44 49 3
44 80 7
36 73 2
0 89 0
37 32 9
36 46 8
26 88 0
30 10 2
20 20 5
43 29 4
23 61 1
2 74 6
5 40 10
35 82 1
24 32 2
21 53 5
18 74 6
40 91 8
36 73 6
40 18 9
50 19 1
31 37 6
43 72 1
48 80 9
27 43 6
16 1 3
40 79 0
24 57 5
5 60 3
0 94 1
9 87 3
26 56 7
18 79 9
21 96 0
36 94 2
22 37 9
17 40 0
45 22 2
10 26 2
8 5 0
8 22 9
31 72 0
29 59 8
33 92 9
27 50 5
35 99 9
1 24 6
21 67 8
31 49 6
43 78 2
21 2 3
40 77 2
3 70 1
6 53 2
19 7 0
19 41 3
48 89 1
17 28 5
2 50 0
33 12 6
8 77 5
12 28 7
48 89 10
30 4 6
31 69 9
36 9 10
16 96 6
14 68 7
49 81 4
28 60 10
10 44 0
4 88 4
40 63 2
45 28 8
26 41 0
12 51 4
10 23 4
22 81 10
19 24 2
4 36 10
23 60 1
19 64 7
7 58 10
16 10 0
0 75 10
30 91 3
49 31 8
28 87 0
35 50 7
45 4 5
41 30 2
30 35 1
0 15 7
22 91 8
25 32 9
14 76 7
0 96 1
23 55 9
23 86 5
48 70 1
23 65 8
34 83 0
35 76 6
15 7 4
42 72 1
42 45 7
0 9 2
3 21 0
23 96 2
1 55 7
45 36 1
24 99 10
35 74 2
32 85 2
34 42 7
13 87 2
1 75 2
46 71 6
0 27 9
49 61 9
36 41 7
1 32 10
27 1 1
10 30 10
50 9 1
18 3 5
5 88 3
11 58 7
8 68 6
45 3 0
41 34 3
46 57 0
42 89 0
13 37 10
0 42 9
19 8 0
35 14 8
48 35 4
10 58 8
46 79 0
30 18 7
33 78 0
1 23 6
48 94 9
0 6 9
19 70 9
16 70 9
18 13 4
18 4 8
44 72 5
40 6 6
19 51 7
6 37 5
27 31 1
44 64 3
2 44 10
23 43 9
8 80 6
21 45 2
17 7 9
16 2 7
9 30 8
41 81 2
2 42 1
30 52 0
25 85 8
29 14 2
2 21 3
41 7 3
30 64 7
40 2 6
25 40 5
17 20 6
43 67 1
23 73 0
8 9 1
42 12 0
41 52 5
46 75 10
0 16 10
49 50 9
3 81 3
35 93 10
21 22 0
16 0 10
38 57 5
37 35 6
12 45 2
47 100 9
9 42 3
18 14 9
39 18 8
4 83 8
31 54 2
19 9 0
24 99 9
20 39 5
36 12 0
49 73 8
23 27 8
14 72 6
36 43 8
38 79 10
10 0 2
22 7 1
18 72 2
8 2 8
8 79 10
7 17 9
2 28 6
17 59 7
25 59 0
30 76 8
39 35 8
24 91 9
26 42 1
6 47 7
2 73 0
50 99 6
43 55 7
44 18 7
43 35 2
30 58 2
33 68 1
8 51 4
24 18 5
27 65 8
12 99 1
17 64 6
38 0 9
48 1 3
10 4 8
11 53 7
38 24 10
50 88 10
18 48 3
37 11 2
12 46 4
1 98 6
39 16 8
23 29 3
23 28 9
38 5 2
20 35 2
36 54 3
6 83 4
34 32 6
23 82 3
27 38 8
45 31 10
16 15 5
12 9 0
22 14 4
27 55 10
8 31 3
25 27 9
24 27 2
33 29 8
38 66 6
31 66 2
50 63 6
40 25 5
36 90 9
0 41 2
45 71 6
17 32 5
37 73 4
15 36 1
13 68 1
31 67 10
8 47 2
16 5 10
2 2 1
29 10 8
16 98 9
49 84 5
7 52 9
25 100 7
25 9 1
8 19 7
46 92 3
26 76 3
11 13 9
0 87 10
17 15 7
22 65 3
11 26 6
36 28 3
25 99 6
44 69 5
21 72 3
31 70 6
38 89 6
2 83 2
24 26 7
21 91 0
11 40 10
5 80 5
44 45 8
13 5 8
19 58 3
45 85 8
4 55 6
26 5 1
14 13 10
34 43 9
8 43 2
19 67 6
18 12 10
27 56 1
5 83 10
49 84 2
30 0 6
37 12 3
18 6 7
42 64 1
3 49 1
40 89 6
10 76 2
41 42 0
48 57 7
28 58 2
38 14 2
15 82 2
10 41 4
47 19 4
22 7 0
46 43 5
23 74 8
22 10 10
5 57 1
41 6 1
48 7 1
29 83 7
36 37 9
33 85 5
2 100 3
1 59 3
24 62 1
38 54 7
44 23 8
49 86 6
23 91 1
49 72 10
9 7 1
24 5 3
8 61 8
15 91 2
35 15 4
3 77 1
34 50 4
25 59 0
4 27 9
35 68 9
30 28 5
24 50 7
15 86 9
22 7 9
17 26 1
20 81 4
4 13 4
23 50 2
43 27 9
8 88 5
0 80 2
28 41 2
50 21 6
16 19 8
4 28 10
37 8 1
1 46 10
41 97 0
29 80 1
13 18 9
42 50 3
24 82 3
7 86 2
49 21 4
14 12 2
38 40 8
48 81 2
27 50 10
25 75 8
47 13 4
1 68 6
43 31 8
45 88 4
22 89 1
46 43 10
33 41 8
3 31 8
36 59 3
28 6 7
47 36 7
50 0 3
37 12 0
11 46 9
46 55 1
31 92 0
46 85 10
0 7 9
22 6 8
25 10 5
14 32 4
27 90 10
30 32 6
47 41 6
34 0 10
13 99 10
1 80 7
35 17 7
35 24 2
29 84 4
41 70 4
18 63 8
36 63 9
37 0 2
14 63 2
15 5 8
34 3 10
29 31 3
27 19 4
41 59 6
20 56 2
13 13 3
16 65 4
43 54 7
26 26 6
13 37 4
33 78 10
31 99 10
6 7 0
6 76 1
4 46 4
14 85 3
38 81 10
4 31 5
35 9 6
36 84 0
23 18 6
45 58 9
12 19 3
7 27 3
35 31 1
34 35 9
47 100 4
35 22 2
33 36 4
31 71 2
44 98 2
3 52 5
13 66 9
26 58 8
30 52 6
21 38 4
38 62 3
44 89 0
33 72 5
30 35 6
48 85 5
45 64 2
50 38 6
20 13 4
11 31 10
26 39 4
3 87 3
31 88 1
38 73 3
33 18 4
26 75 10
15 92 9
45 60 9
25 33 10
15 37 6
47 3 10
30 67 9