100
28 59 7
29 58 6
27 2 0
50 27 4
42 74 3
42 44 4
42 84 1
12 42 9
11 3 5
7 43 7
0 50 10
47 38 0
41 0 2
50 42 0
14 31 2
48 43 0
48 36 3
34 49 5
12 34 5
44 97 4
31 56 2
8 86 5
28 8 8
32 69 6
22 36 4
10 59 3
9 31 4
13 81 4
28 32 2
1 42 6
18 20 5
5 27 9
42 18 10
29 64 8
41 57 7
45 70 8
31 13 7
15 71 1
35 85 2
26 24 10
47 65 10
21 57 2
21 70 4
12 5 8
17 72 5
0 65 4
8 29 5
14 33 1
25 59 3
3 74 9
43 6 10
24 46 7
3 11 3
10 77 8
1 10 3
22 14 5
33 81 4
16 74 4
36 40 9
45 44 7
17 62 3
22 79 2
15 55 4
12 43 2
16 5 8
18 65 3
37 58 6
28 98 4
31 53 8
30 43 7
25 25 8
12 29 1
12 80 7
46 79 9
48 65 1
36 77 10
10 45 7
2 33 9
28 6 2
36 91 4
4 59 8
25 17 4
49 78 0
26 17 6
18 12 8
26 39 7
46 11 0
10 9 1
10 41 0
6 78 6
16 65 4
32 97 4
0 50 1
38 81 4
29 31 8
41 5 4
39 1 6
37 11 0
11 64 7
43 13 6