1000
2 44 7
19 79 3
25 15 9
5 10 2
3 1 9
50 9 0
6 11 7
18 5 5
50 83 5
30 51 6
34 15 10
0 75 10
49 54 3
22 54 1
35 17 6
34 50 5
26 54 3
45 39 0
35 83 5
34 85 2
2 94 4
44 86 8
36 21 8
37 47 2
12 11 4
10 64 5
28 17 10
26 62 2
34 91 0
31 80 0
38 40 9
6 14 3
4 15 5
6 90 4
17 49 0
40 26 2
22 64 8
46 75 3
27 29 3
16 9 1
43 68 10
41 51 9
33 1 7
43 72 5
17 15 5
15 83 9
45 22 5
30 21 4
17 18 3
15 97 0
6 5 5
45 73 0
21 84 2
23 93 6
10 79 3
22 88 6
41 83 9
46 82 9
37 45 7
48 30 2
8 49 1
5 9 6
22 91 3
34 75 1
24 52 4
32 36 7
48 19 3
42 34 10
10 52 8
28 37 9
12 64 3
4 100 0
20 62 5
17 52 7
11 73 8
46 73 10
35 1 2
22 81 10
37 97 5
47 68 7
40 57 8
48 69 0
40 78 5
37 32 0
35 91 5
19 67 10
37 80 1
2 79 6
12 79 4
2 91 0
19 10 3
21 20 7
12 30 6
15 97 1
13 27 7
4 7 1
20 5 2
7 7 2
7 47 7
30 76 5
27 97 10
35 40 7
33 5 0
42 20 0
1 4 8
24 95 1
4 99 0
2 84 6
39 64 8
25 68 7
6 63 10
22 5 3
45 31 7
12 50 1
38 26 10
3 52 6
4 92 5
50 93 10
18 64 5
47 53 7
36 47 8
3 92 4
21 5 1
26 51 2
7 59 10
28 89 7
43 46 3
21 36 3
19 34 1
18 52 9
23 32 8
10 71 5
12 9 6
13 17 2
3 16 4
8 43 4
3 24 8
42 59 3
0 98 5
18 37 0
46 10 4
12 48 6
16 55 4
25 28 7
1 17 3
33 49 1
22 6 7
48 49 4
34 68 0
23 94 0
12 79 2
10 3 7
47 25 3
41 49 7
45 26 10
39 81 1
1 2 8
50 35 10
29 49 10
34 45 7
31 73 3
19 64 0
8 57 7
9 25 4
34 21 4
36 94 2
48 51 8
47 18 10
50 53 0
5 20 4
8 23 8
1 4 7
22 80 6
11 70 9
18 3 7
18 97 7
20 66 4
21 15 5
18 62 7
45 3 3
23 2 6
15 36 9
6 76 3
18 78 4
41 26 7
17 80 9
37 51 10
0 77 0
31 91 6
33 8 5
40 75 4
31 62 4
1 66 5
9 44 5
12 88 3
44 18 7
14 28 4
47 2 3
36 26 0
7 50 6
15 96 3
44 19 6
43 23 2
8 22 6
28 18 5
44 48 6
22 75 5
34 97 1
25 28 1
38 65 10
16 9 8
32 99 3
25 0 9
1 57 8
3 13 6
20 28 6
46 13 6
14 21 5
26 59 3
13 52 4
6 73 3
45 30 1
35 17 1
1 1 1
29 59 3
4 11 10
21 42 8
16 13 0
12 94 9
43 76 1
15 43 2
45 24 1
49 37 6
45 5 6
15 17 5
40 59 1
34 44 7
21 13 4
9 97 7
49 55 1
26 52 9
33 64 5
26 89 2
30 60 0
20 33 3
49 56 9
37 56 0
28 11 7
38 78 10
15 46 5
23 34 5
18 83 9
18 53 9
33 97 4
38 81 7
12 99 3
9 59 8
1 37 4
2 81 3
50 82 0
11 84 7
25 61 5
37 39 6
17 86 0
11 41 8
8 54 10
22 83 6
38 38 3
24 33 5
42 31 6
12 86 7
11 14 2
49 48 10
48 8 7
38 20 3
15 84 3
1 54 2
33 54 8
13 95 6
2 19 9
16 40 10
28 92 10
4 55 9
39 16 6
13 5 4
17 71 6
10 75 6
28 78 3
21 82 6
41 68 9
37 84 10
45 13 3
39 17 8
6 34 1
39 16 9
21 3 2
11 15 10
7 36 5
45 36 1
47 82 3
5 37 7
32 88 2
11 46 7
18 29 4
48 76 4
13 7 6
5 5 3
50 92 7
27 52 1
2 15 4
0 66 1
13 78 0
18 9 0
17 47 9
24 73 0
28 27 9
44 45 5
33 36 9
22 77 9
7 14 0
28 49 0
20 32 7
28 42 2
40 30 4
10 63 4
30 91 8
18 15 3
12 18 5
17 36 1
28 36 4
42 1 10
12 33 10
21 87 6
31 40 5
32 55 1
48 75 4
16 38 0
18 85 1
26 72 2
17 86 2
44 6 4
30 0 9
41 78 5
16 15 0
0 59 3
41 13 4
39 40 8
14 50 8
24 79 4
15 70 2
44 70 1
39 61 10
45 75 3
39 87 4
36 92 5
45 19 10
48 60 4
35 29 1
44 11 0
41 8 6
3 91 8
48 57 4
9 8 3
36 30 9
30 96 9
50 25 9
16 61 7
22 40 0
8 81 2
27 53 0
43 78 7
50 25 5
1 64 1
38 70 0
1 25 0
15 89 5
21 73 5
5 17 8
33 39 10
27 82 4
2 81 0
1 40 1
13 53 10
5 28 9
43 84 2
7 44 1
47 62 0
31 30 10
44 45 7
29 50 7
26 88 1
15 15 10
17 88 1
42 80 10
0 0 0
43 42 0
47 31 6
26 85 9
3 42 6
37 16 10
27 95 10
43 86 1
31 49 5
43 81 7
42 16 3
2 81 5
15 96 7
0 32 10
12 43 2
34 65 0
16 81 9
12 36 8
48 5 7
35 74 1
4 3 1
48 44 5
47 4 3
22 48 4
5 37 8
14 16 9
26 69 0
16 48 7
0 0 0
45 87 0
15 12 6
10 1 4
21 28 10
44 58 3
28 6 6
4 51 7
32 40 4
38 34 7
40 86 3
42 76 10
11 85 10
41 95 6
31 86 3
48 19 6
14 28 3
18 20 6
18 61 6
30 30 6
41 30 5
47 66 10
9 77 9
32 34 1
10 80 2
41 53 2
47 0 3
31 27 4
7 47 10
27 64 8
5 91 7
16 30 6
29 37 6
34 56 1
41 21 2
43 27 10
34 100 4
17 43 1
46 9 8
26 3 6
44 61 3
15 67 9
3 30 4
22 68 7
10 8 9
50 37 3
36 40 3
32 44 3
33 69 8
29 8 2
26 26 9
39 17 1
38 13 10
8 26 10
31 87 10
41 43 1
2 14 8
12 34 0
25 62 1
23 11 1
33 12 3
8 21 6
14 68 10
32 90 6
18 8 9
12 10 2
33 57 4
38 80 7
18 23 0
46 27 2
44 97 6
32 92 4
24 46 7
23 89 6
27 54 7
45 50 9
25 49 0
3 21 7
12 12 8
7 23 0
43 62 6
44 21 2
48 17 10
17 97 6
9 86 2
5 3 2
45 27 3
4 36 7
46 32 4
45 8 5
23 44 0
0 0 0
47 79 3
39 100 1
20 1 7
34 25 0
16 14 10
49 58 4
45 69 1
22 3 8
26 55 8
24 54 3
22 57 7
18 11 4
36 3 2
25 55 2
4 14 4
0 30 8
15 24 6
10 74 8
18 70 10
7 38 0
46 1 7
4 75 9
26 89 8
44 28 9
12 98 1
25 89 8
11 4 3
16 10 10
34 47 0
12 93 8
37 28 8
5 32 5
5 36 2
33 75 9
19 5 8
7 42 9
18 8 10
48 40 3
16 39 6
27 95 6
1 94 2
12 58 1
1 33 9
30 55 0
47 78 2
30 83 2
32 100 10
39 52 9
13 47 3
21 87 6
19 76 2
28 15 2
27 80 8
40 58 10
35 10 5
50 0 2
7 84 0
19 30 9
0 49 6
35 54 4
35 37 7
37 61 1
21 22 3
42 92 1
7 9 5
10 49 3
33 17 0
43 57 7
37 6 4
30 4 8
25 81 1
20 93 8
4 66 8
1 100 6
17 81 5
22 88 6
46 69 8
20 59 10
33 41 8
47 62 5
32 75 4
32 89 0
24 84 10
36 6 0
30 48 4
17 17 3
21 14 9
49 24 8
43 75 10
3 83 10
15 100 3
37 64 2
31 2 0
44 2 5
39 21 2
26 3 1
38 28 7
7 14 8
2 83 9
34 7 4
6 92 8
45 49 2
43 6 2
30 95 8
32 12 0
15 7 6
25 34 10
32 59 8
7 76 4
32 90 7
2 30 0
26 72 8
34 35 10
25 3 0
9 49 2
17 87 0
14 99 5
48 67 4
15 81 2
10 49 2
9 53 0
4 59 10
30 32 1
17 5 2
34 83 7
18 17 7
47 45 10
6 96 5
4 81 7
42 84 3
28 45 8
44 21 5
7 62 10
11 39 8
35 47 10
35 97 1
50 64 1
3 13 6
4 39 0
7 49 0
20 65 10
18 18 5
27 47 8
6 53 3
30 4 10
6 52 9
28 82 10
8 25 5
19 48 6
0 64 6
38 55 7
14 74 10
34 78 1
25 67 2
30 45 2
31 61 10
21 32 5
47 70 10
39 2 8
1 78 3
50 44 10
12 48 0
7 8 4
41 89 3
24 92 10
15 66 7
0 6 10
2 43 7
49 91 4
44 87 9
19 79 2
45 0 1
39 68 0
27 62 4
16 68 7
10 90 7
40 47 2
8 20 10
49 67 4
2 69 9
47 56 9
43 50 10
5 23 0
17 54 0
3 41 10
43 29 9
43 79 8
21 90 0
26 30 2
45 70 6
3 52 9
1 88 3
25 24 8
7 37 4
11 47 5
38 80 10
50 66 3
22 11 4
33 61 8
4 2 8
31 57 2
30 35 1
46 3 8
42 97 6
18 9 3
42 8 1
20 16 8
19 13 4
22 52 7
27 66 3
10 58 5
43 83 5
43 90 9
39 69 10
47 40 5
21 43 3
28 6 2
35 10 10
12 8 3
9 99 5
23 48 10
4 10 5
31 4 3
1 22 0
23 66 0
32 85 10
14 21 6
45 77 10
19 27 4
20 33 8
26 65 4
19 77 8
2 72 7
47 52 9
18 14 9
34 34 9
36 19 8
43 18 4
24 44 9
0 48 8
26 96 1
34 11 8
42 78 7
17 49 8
22 96 8
28 90 1
32 6 1
10 86 10
23 71 1
31 36 3
18 47 6
34 51 0
5 24 0
40 71 3
37 79 2
19 14 7
18 61 3
22 6 5
50 94 3
19 49 10
25 39 10
42 62 7
40 27 9
20 73 10
30 84 4
35 6 1
45 41 7
45 40 1
0 20 3
37 93 2
28 37 2
50 50 8
36 7 2
1 55 2
38 6 1
17 58 9
16 65 3
42 100 6
28 47 4
48 44 9
30 60 2
19 9 0
47 8 1
43 14 4
48 31 0
21 72 2
32 48 4
47 56 7
13 99 5
30 4 1
40 20 3
42 19 9
3 97 6
13 46 3
42 39 9
18 27 1
1 16 4
10 48 2
14 27 7
38 8 8
42 51 5
3 59 4
24 13 7
11 56 7
18 74 4
5 39 9
15 9 9
39 15 6
43 89 4
4 76 9
21 20 4
47 48 6
25 69 2
28 23 0
21 92 4
28 4 3
44 67 6
24 93 8
15 38 5
30 68 0
24 19 3
10 13 9
30 67 0
12 45 8
17 93 1
39 47 8
42 37 8
29 45 6
7 52 10
44 18 9
47 51 7
35 2 0
35 98 3
20 14 9
29 8 5
0 87 8
42 21 0
41 53 5
37 97 1
48 7 5
25 61 2
40 9 6
40 0 5
48 36 6
41 6 1
16 2 4
26 26 5
37 11 10
49 85 6
0 49 8
47 73 3
11 8 5
4 2 1
4 21 1
50 10 10
31 60 7
36 85 9
7 88 7
22 48 0
13 50 10
49 78 2
49 16 1
23 67 0
5 93 5
16 8 7
34 55 9
32 19 6
3 21 10
12 80 10
46 25 8
0 98 7
0 57 10
35 12 3
44 31 8
49 48 10
13 3 10
5 33 0
23 95 4
29 33 1
21 32 9
50 74 1
36 30 1
40 8 2
16 80 5
18 30 9
44 36 1
50 24 8
20 46 8
38 87 4
50 63 7
17 55 3
15 76 3
16 7 9
42 48 7
24 24 1
27 10 2
8 96 4
27 30 5
33 70 2
15 26 2
16 57 2
13 60 6
28 25 2
22 99 4
14 9 7
26 6 0
22 93 1
31 34 8
0 59 6
34 65 5
29 16 4
8 55 3
32 77 3
16 55 7
50 71 4
0 52 7
37 2 4
8 12 1
8 61 9
27 68 7
10 95 2
1 63 8
40 48 5
15 92 9
20 74 6
1 51 10
37 0 5
33 17 10
17 31 4
22 79 4
11 19 8
2 7 7
6 38 8
26 2 10
33 65 10
43 0 0
4 83 4
15 37 6
5 63 6
0 88 9
7 73 0
32 36 1
3 66 5
6 4 8
5 7 9
23 77 5
37 99 10
5 41 8
13 51 0
43 55 3
45 53 2
5 6 1
25 78 4
17 80 3
48 5 10
10 28 6
5 30 1
19 45 9
10 90 8
45 62 0
19 7 3
45 10 7
49 45 3
37 49 4
8 26 1
21 73 4
17 90 0
0 25 3
36 51 7
29 96 7
3 79 4
43 74 4
2 15 8
36 37 1
24 43 10
47 73 2
26 70 9
24 99 0
45 67 2
0 58 10
35 59 8
16 24 4
50 59 8
9 6 8
12 82 0
0 0 0